    1.0 0.5159E-03 0.3584E-04
    1.1 0.4247E-03 0.2473E-04
    1.2 0.3556E-03 0.1762E-04
    1.3 0.3020E-03 0.1291E-04
    1.4 0.2596E-03 0.9674E-05
    1.5 0.2255E-03 0.7396E-05
    1.6 0.1977E-03 0.5726E-05
    1.7 0.1748E-03 0.4502E-05
    1.8 0.1556E-03 0.3589E-05
    1.9 0.1394E-03 0.2897E-05
    2.0 0.1256E-03 0.2363E-05
    2.1 0.1138E-03 0.1941E-05
    2.2 0.1036E-03 0.1610E-05
    2.3 0.9466E-04 0.1346E-05
    2.4 0.8685E-04 0.1133E-05
    2.5 0.7996E-04 0.9613E-06
    2.6 0.7387E-04 0.8208E-06
    2.7 0.6844E-04 0.7050E-06
    2.8 0.6361E-04 0.6088E-06
    2.9 0.5926E-04 0.5285E-06
    3.0 0.5534E-04 0.4610E-06
    3.1 0.5180E-04 0.4031E-06
    3.2 0.4859E-04 0.3540E-06
    3.3 0.4567E-04 0.3121E-06
    3.4 0.4300E-04 0.2762E-06
    3.5 0.4057E-04 0.2453E-06
    3.6 0.3833E-04 0.2186E-06
    3.7 0.3627E-04 0.1954E-06
    3.8 0.3437E-04 0.1753E-06
    3.9 0.3263E-04 0.1576E-06
    4.0 0.3100E-04 0.1421E-06
    4.1 0.2950E-04 0.1283E-06
    4.2 0.2811E-04 0.1161E-06
    4.3 0.2681E-04 0.1053E-06
    4.4 0.2560E-04 0.9578E-07
    4.5 0.2447E-04 0.8731E-07
    4.6 0.2341E-04 0.7974E-07
    4.7 0.2241E-04 0.7293E-07
    4.8 0.2149E-04 0.6685E-07
    4.9 0.2062E-04 0.6139E-07
    5.0 0.1980E-04 0.5648E-07
    5.1 0.1903E-04 0.5201E-07
    5.2 0.1830E-04 0.4796E-07
    5.3 0.1761E-04 0.4431E-07
    5.4 0.1697E-04 0.4099E-07
    5.5 0.1635E-04 0.3797E-07
    5.6 0.1577E-04 0.3522E-07
    5.7 0.1522E-04 0.3273E-07
    5.8 0.1470E-04 0.3044E-07
    5.9 0.1420E-04 0.2835E-07
    6.0 0.1373E-04 0.2643E-07
    6.1 0.1328E-04 0.2466E-07
    6.2 0.1286E-04 0.2303E-07
    6.3 0.1245E-04 0.2154E-07
    6.4 0.1206E-04 0.2016E-07
    6.5 0.1169E-04 0.1889E-07
    6.6 0.1134E-04 0.1772E-07
    6.7 0.1101E-04 0.1663E-07
    6.8 0.1068E-04 0.1563E-07
    6.9 0.1037E-04 0.1470E-07
    7.0 0.1008E-04 0.1384E-07
    7.1 0.9795E-05 0.1304E-07
    7.2 0.9525E-05 0.1230E-07
    7.3 0.9269E-05 0.1160E-07
    7.4 0.9014E-05 0.1096E-07
    7.5 0.8778E-05 0.1036E-07
    7.6 0.8549E-05 0.9799E-08
    7.7 0.8327E-05 0.9277E-08
    7.8 0.8115E-05 0.8789E-08
    7.9 0.7910E-05 0.8329E-08
    8.0 0.7711E-05 0.7902E-08
    8.1 0.7522E-05 0.7498E-08
    8.2 0.7338E-05 0.7118E-08
    8.3 0.7163E-05 0.6764E-08
    8.4 0.6994E-05 0.6427E-08
    8.5 0.6828E-05 0.6115E-08
    8.6 0.6672E-05 0.5818E-08
    8.7 0.6520E-05 0.5541E-08
    8.8 0.6371E-05 0.5279E-08
    8.9 0.6230E-05 0.5034E-08
    9.0 0.6089E-05 0.4800E-08
    9.1 0.5956E-05 0.4582E-08
    9.2 0.5830E-05 0.4374E-08
    9.3 0.5702E-05 0.4179E-08
    9.4 0.5582E-05 0.3993E-08
    9.5 0.5465E-05 0.3819E-08
    9.6 0.5351E-05 0.3653E-08
    9.7 0.5242E-05 0.3496E-08
    9.8 0.5136E-05 0.3348E-08
    9.9 0.5032E-05 0.3207E-08
   10.0 0.4932E-05 0.3074E-08
   10.1 0.4834E-05 0.2946E-08
   10.2 0.4741E-05 0.2825E-08
   10.3 0.4649E-05 0.2710E-08
   10.4 0.4559E-05 0.2600E-08
   10.5 0.4473E-05 0.2497E-08
   10.6 0.4389E-05 0.2397E-08
   10.7 0.4307E-05 0.2304E-08
   10.8 0.4228E-05 0.2214E-08
   10.9 0.4150E-05 0.2128E-08
   11.0 0.4075E-05 0.2047E-08
   11.1 0.4002E-05 0.1970E-08
   11.2 0.3931E-05 0.1896E-08
   11.3 0.3861E-05 0.1826E-08
   11.4 0.3794E-05 0.1758E-08
   11.5 0.3728E-05 0.1694E-08
   11.6 0.3664E-05 0.1633E-08
   11.7 0.3601E-05 0.1574E-08
   11.8 0.3541E-05 0.1518E-08
   11.9 0.3481E-05 0.1464E-08
   12.0 0.3424E-05 0.1413E-08
   12.1 0.3367E-05 0.1364E-08
   12.2 0.3312E-05 0.1316E-08
   12.3 0.3258E-05 0.1272E-08
   12.4 0.3206E-05 0.1228E-08
   12.5 0.3155E-05 0.1187E-08
   12.6 0.3105E-05 0.1147E-08
   12.7 0.3056E-05 0.1109E-08
   12.8 0.3009E-05 0.1073E-08
   12.9 0.2962E-05 0.1038E-08
   13.0 0.2917E-05 0.1004E-08
   13.1 0.2872E-05 0.9720E-09
   13.2 0.2829E-05 0.9410E-09
   13.3 0.2787E-05 0.9112E-09
   13.4 0.2745E-05 0.8826E-09
   13.5 0.2704E-05 0.8550E-09
   13.6 0.2665E-05 0.8286E-09
   13.7 0.2626E-05 0.8031E-09
   13.8 0.2588E-05 0.7786E-09
   13.9 0.2551E-05 0.7550E-09
   14.0 0.2515E-05 0.7322E-09
   14.1 0.2479E-05 0.7103E-09
   14.2 0.2444E-05 0.6893E-09
   14.3 0.2410E-05 0.6689E-09
   14.4 0.2377E-05 0.6493E-09
   14.5 0.2344E-05 0.6305E-09
   14.6 0.2312E-05 0.6123E-09
   14.7 0.2281E-05 0.5948E-09
   14.8 0.2250E-05 0.5777E-09
   14.9 0.2220E-05 0.5614E-09
   15.0 0.2190E-05 0.5456E-09
   15.1 0.2161E-05 0.5302E-09
   15.2 0.2133E-05 0.5154E-09
   15.3 0.2105E-05 0.5012E-09
   15.4 0.2078E-05 0.4874E-09
   15.5 0.2051E-05 0.4739E-09
   15.6 0.2025E-05 0.4610E-09
   15.7 0.1999E-05 0.4485E-09
   15.8 0.1974E-05 0.4365E-09
   15.9 0.1949E-05 0.4247E-09
   16.0 0.1925E-05 0.4136E-09
   16.1 0.1901E-05 0.4026E-09
   16.2 0.1878E-05 0.3920E-09
   16.3 0.1855E-05 0.3818E-09
   16.4 0.1832E-05 0.3719E-09
   16.5 0.1810E-05 0.3623E-09
   16.6 0.1788E-05 0.3530E-09
   16.7 0.1767E-05 0.3440E-09
   16.8 0.1746E-05 0.3353E-09
   16.9 0.1725E-05 0.3268E-09
   17.0 0.1705E-05 0.3187E-09
   17.1 0.1685E-05 0.3107E-09
   17.2 0.1665E-05 0.3031E-09
   17.3 0.1646E-05 0.2956E-09
   17.4 0.1627E-05 0.2884E-09
   17.5 0.1609E-05 0.2813E-09
   17.6 0.1591E-05 0.2746E-09
   17.7 0.1573E-05 0.2680E-09
   17.8 0.1555E-05 0.2616E-09
   17.9 0.1538E-05 0.2553E-09
   18.0 0.1521E-05 0.2493E-09
   18.1 0.1504E-05 0.2434E-09
   18.2 0.1487E-05 0.2377E-09
   18.3 0.1471E-05 0.2322E-09
   18.4 0.1455E-05 0.2269E-09
   18.5 0.1440E-05 0.2217E-09
   18.6 0.1424E-05 0.2165E-09
   18.7 0.1409E-05 0.2116E-09
   18.8 0.1394E-05 0.2068E-09
   18.9 0.1379E-05 0.2022E-09
   19.0 0.1365E-05 0.1977E-09
   19.1 0.1350E-05 0.1933E-09
   19.2 0.1336E-05 0.1889E-09
   19.3 0.1323E-05 0.1847E-09
   19.4 0.1309E-05 0.1807E-09
   19.5 0.1296E-05 0.1768E-09
   19.6 0.1282E-05 0.1729E-09
   19.7 0.1269E-05 0.1692E-09
   19.8 0.1257E-05 0.1656E-09
   19.9 0.1244E-05 0.1620E-09
   20.0 0.1232E-05 0.1585E-09
   20.1 0.1219E-05 0.1551E-09
   20.2 0.1207E-05 0.1519E-09
   20.3 0.1196E-05 0.1487E-09
   20.4 0.1184E-05 0.1455E-09
   20.5 0.1172E-05 0.1425E-09
   20.6 0.1161E-05 0.1396E-09
   20.7 0.1150E-05 0.1366E-09
   20.8 0.1139E-05 0.1339E-09
   20.9 0.1128E-05 0.1311E-09
   21.0 0.1117E-05 0.1284E-09
   21.1 0.1107E-05 0.1258E-09
   21.2 0.1096E-05 0.1233E-09
   21.3 0.1086E-05 0.1208E-09
   21.4 0.1076E-05 0.1184E-09
   21.5 0.1066E-05 0.1160E-09
   21.6 0.1056E-05 0.1137E-09
   21.7 0.1046E-05 0.1115E-09
   21.8 0.1037E-05 0.1093E-09
   21.9 0.1027E-05 0.1071E-09
   22.0 0.1018E-05 0.1050E-09
   22.1 0.1009E-05 0.1030E-09
   22.2 0.9995E-06 0.1010E-09
   22.3 0.9905E-06 0.9908E-10
   22.4 0.9818E-06 0.9716E-10
   22.5 0.9730E-06 0.9531E-10
   22.6 0.9644E-06 0.9351E-10
   22.7 0.9559E-06 0.9174E-10
   22.8 0.9477E-06 0.9001E-10
   22.9 0.9394E-06 0.8833E-10
   23.0 0.9311E-06 0.8668E-10
   23.1 0.9231E-06 0.8508E-10
   23.2 0.9152E-06 0.8349E-10
   23.3 0.9074E-06 0.8197E-10
   23.4 0.8996E-06 0.8046E-10
   23.5 0.8919E-06 0.7899E-10
   23.6 0.8845E-06 0.7755E-10
   23.7 0.8769E-06 0.7616E-10
   23.8 0.8696E-06 0.7479E-10
   23.9 0.8624E-06 0.7344E-10
   24.0 0.8552E-06 0.7212E-10
   24.1 0.8481E-06 0.7084E-10
   24.2 0.8410E-06 0.6958E-10
   24.3 0.8342E-06 0.6835E-10
   24.4 0.8273E-06 0.6716E-10
   24.5 0.8206E-06 0.6598E-10
   24.6 0.8140E-06 0.6483E-10
   24.7 0.8074E-06 0.6370E-10
   24.8 0.8009E-06 0.6260E-10
   24.9 0.7944E-06 0.6152E-10
   25.0 0.7882E-06 0.6047E-10
   25.1 0.7818E-06 0.5942E-10
   25.2 0.7757E-06 0.5842E-10
   25.3 0.7695E-06 0.5744E-10
   25.4 0.7634E-06 0.5646E-10
   25.5 0.7575E-06 0.5551E-10
   25.6 0.7516E-06 0.5457E-10
   25.7 0.7457E-06 0.5366E-10
   25.8 0.7400E-06 0.5277E-10
   25.9 0.7342E-06 0.5190E-10
   26.0 0.7287E-06 0.5104E-10
   26.1 0.7230E-06 0.5020E-10
   26.2 0.7175E-06 0.4938E-10
   26.3 0.7121E-06 0.4857E-10
   26.4 0.7067E-06 0.4778E-10
   26.5 0.7014E-06 0.4701E-10
   26.6 0.6961E-06 0.4625E-10
   26.7 0.6909E-06 0.4551E-10
   26.8 0.6858E-06 0.4478E-10
   26.9 0.6806E-06 0.4406E-10
   27.0 0.6757E-06 0.4337E-10
   27.1 0.6708E-06 0.4267E-10
   27.2 0.6657E-06 0.4200E-10
   27.3 0.6608E-06 0.4134E-10
   27.4 0.6560E-06 0.4069E-10
   27.5 0.6513E-06 0.4006E-10
   27.6 0.6465E-06 0.3943E-10
   27.7 0.6419E-06 0.3882E-10
   27.8 0.6373E-06 0.3822E-10
   27.9 0.6328E-06 0.3763E-10
   28.0 0.6282E-06 0.3706E-10
   28.1 0.6238E-06 0.3649E-10
   28.2 0.6193E-06 0.3594E-10
   28.3 0.6150E-06 0.3539E-10
   28.4 0.6107E-06 0.3485E-10
   28.5 0.6064E-06 0.3433E-10
   28.6 0.6021E-06 0.3381E-10
   28.7 0.5979E-06 0.3331E-10
   28.8 0.5937E-06 0.3281E-10
   28.9 0.5898E-06 0.3232E-10
   29.0 0.5856E-06 0.3184E-10
   29.1 0.5817E-06 0.3138E-10
   29.2 0.5776E-06 0.3091E-10
   29.3 0.5738E-06 0.3046E-10
   29.4 0.5698E-06 0.3002E-10
   29.5 0.5660E-06 0.2958E-10
   29.6 0.5622E-06 0.2915E-10
   29.7 0.5584E-06 0.2872E-10
   29.8 0.5546E-06 0.2831E-10
   29.9 0.5509E-06 0.2791E-10
   30.0 0.5472E-06 0.2751E-10
   30.1 0.5436E-06 0.2711E-10
   30.2 0.5401E-06 0.2673E-10
   30.3 0.5364E-06 0.2634E-10
   30.4 0.5329E-06 0.2597E-10
   30.5 0.5295E-06 0.2560E-10
   30.6 0.5260E-06 0.2524E-10
   30.7 0.5225E-06 0.2489E-10
   30.8 0.5192E-06 0.2454E-10
   30.9 0.5159E-06 0.2420E-10
   31.0 0.5124E-06 0.2386E-10
   31.1 0.5092E-06 0.2352E-10
   31.2 0.5059E-06 0.2320E-10
   31.3 0.5027E-06 0.2288E-10
   31.4 0.4995E-06 0.2257E-10
   31.5 0.4964E-06 0.2226E-10
   31.6 0.4933E-06 0.2195E-10
   31.7 0.4901E-06 0.2166E-10
   31.8 0.4870E-06 0.2136E-10
   31.9 0.4840E-06 0.2107E-10
   32.0 0.4809E-06 0.2079E-10
   32.1 0.4780E-06 0.2051E-10
   32.2 0.4750E-06 0.2024E-10
   32.3 0.4721E-06 0.1996E-10
   32.4 0.4692E-06 0.1970E-10
   32.5 0.4662E-06 0.1944E-10
   32.6 0.4634E-06 0.1918E-10
   32.7 0.4606E-06 0.1892E-10
   32.8 0.4578E-06 0.1867E-10
   32.9 0.4550E-06 0.1843E-10
   33.0 0.4522E-06 0.1819E-10
   33.1 0.4495E-06 0.1795E-10
   33.2 0.4468E-06 0.1772E-10
   33.3 0.4441E-06 0.1749E-10
   33.4 0.4415E-06 0.1726E-10
   33.5 0.4389E-06 0.1704E-10
   33.6 0.4362E-06 0.1683E-10
   33.7 0.4337E-06 0.1661E-10
   33.8 0.4311E-06 0.1640E-10
   33.9 0.4286E-06 0.1618E-10
   34.0 0.4260E-06 0.1598E-10
   34.1 0.4236E-06 0.1578E-10
   34.2 0.4211E-06 0.1558E-10
   34.3 0.4186E-06 0.1538E-10
   34.4 0.4162E-06 0.1519E-10
   34.5 0.4138E-06 0.1500E-10
   34.6 0.4114E-06 0.1481E-10
   34.7 0.4091E-06 0.1463E-10
   34.8 0.4066E-06 0.1445E-10
   34.9 0.4043E-06 0.1427E-10
   35.0 0.4020E-06 0.1409E-10
   35.1 0.3998E-06 0.1392E-10
   35.2 0.3975E-06 0.1375E-10
   35.3 0.3953E-06 0.1358E-10
   35.4 0.3930E-06 0.1341E-10
   35.5 0.3908E-06 0.1325E-10
   35.6 0.3887E-06 0.1309E-10
   35.7 0.3864E-06 0.1293E-10
   35.8 0.3842E-06 0.1278E-10
   35.9 0.3822E-06 0.1262E-10
   36.0 0.3800E-06 0.1247E-10
   36.1 0.3780E-06 0.1232E-10
   36.2 0.3758E-06 0.1217E-10
   36.3 0.3738E-06 0.1203E-10
   36.4 0.3717E-06 0.1188E-10
   36.5 0.3697E-06 0.1175E-10
   36.6 0.3677E-06 0.1161E-10
   36.7 0.3657E-06 0.1147E-10
   36.8 0.3636E-06 0.1133E-10
   36.9 0.3617E-06 0.1120E-10
   37.0 0.3597E-06 0.1107E-10
   37.1 0.3578E-06 0.1094E-10
   37.2 0.3559E-06 0.1082E-10
   37.3 0.3540E-06 0.1069E-10
   37.4 0.3521E-06 0.1057E-10
   37.5 0.3502E-06 0.1045E-10
   37.6 0.3483E-06 0.1033E-10
   37.7 0.3465E-06 0.1021E-10
   37.8 0.3447E-06 0.1009E-10
   37.9 0.3429E-06 0.9980E-11
   38.0 0.3411E-06 0.9864E-11
   38.1 0.3393E-06 0.9750E-11
   38.2 0.3374E-06 0.9642E-11
   38.3 0.3358E-06 0.9535E-11
   38.4 0.3340E-06 0.9423E-11
   38.5 0.3323E-06 0.9318E-11
   38.6 0.3305E-06 0.9214E-11
   38.7 0.3288E-06 0.9115E-11
   38.8 0.3271E-06 0.9012E-11
   38.9 0.3255E-06 0.8910E-11
   39.0 0.3238E-06 0.8814E-11
   39.1 0.3222E-06 0.8713E-11
   39.2 0.3205E-06 0.8619E-11
   39.3 0.3189E-06 0.8526E-11
   39.4 0.3173E-06 0.8433E-11
   39.5 0.3157E-06 0.8341E-11
   39.6 0.3140E-06 0.8248E-11
   39.7 0.3125E-06 0.8159E-11
   39.8 0.3109E-06 0.8069E-11
   39.9 0.3094E-06 0.7984E-11
   40.0 0.3078E-06 0.7896E-11