    1.0 0.4941E-03 0.4928E-04
    1.1 0.4070E-03 0.3418E-04
    1.2 0.3411E-03 0.2447E-04
    1.3 0.2897E-03 0.1801E-04
    1.4 0.2490E-03 0.1355E-04
    1.5 0.2163E-03 0.1040E-04
    1.6 0.1896E-03 0.8072E-05
    1.7 0.1675E-03 0.6363E-05
    1.8 0.1491E-03 0.5085E-05
    1.9 0.1336E-03 0.4113E-05
    2.0 0.1203E-03 0.3364E-05
    2.1 0.1090E-03 0.2768E-05
    2.2 0.9914E-04 0.2299E-05
    2.3 0.9058E-04 0.1925E-05
    2.4 0.8309E-04 0.1624E-05
    2.5 0.7649E-04 0.1380E-05
    2.6 0.7065E-04 0.1180E-05
    2.7 0.6545E-04 0.1015E-05
    2.8 0.6081E-04 0.8776E-06
    2.9 0.5663E-04 0.7629E-06
    3.0 0.5289E-04 0.6663E-06
    3.1 0.4950E-04 0.5834E-06
    3.2 0.4642E-04 0.5129E-06
    3.3 0.4362E-04 0.4528E-06
    3.4 0.4108E-04 0.4012E-06
    3.5 0.3873E-04 0.3567E-06
    3.6 0.3660E-04 0.3182E-06
    3.7 0.3463E-04 0.2847E-06
    3.8 0.3281E-04 0.2555E-06
    3.9 0.3115E-04 0.2300E-06
    4.0 0.2959E-04 0.2076E-06
    4.1 0.2816E-04 0.1876E-06
    4.2 0.2682E-04 0.1700E-06
    4.3 0.2558E-04 0.1544E-06
    4.4 0.2443E-04 0.1405E-06
    4.5 0.2335E-04 0.1281E-06
    4.6 0.2234E-04 0.1171E-06
    4.7 0.2139E-04 0.1072E-06
    4.8 0.2050E-04 0.9834E-07
    4.9 0.1967E-04 0.9037E-07
    5.0 0.1888E-04 0.8321E-07
    5.1 0.1814E-04 0.7668E-07
    5.2 0.1745E-04 0.7075E-07
    5.3 0.1679E-04 0.6542E-07
    5.4 0.1618E-04 0.6053E-07
    5.5 0.1559E-04 0.5611E-07
    5.6 0.1503E-04 0.5208E-07
    5.7 0.1451E-04 0.4843E-07
    5.8 0.1402E-04 0.4506E-07
    5.9 0.1354E-04 0.4199E-07
    6.0 0.1309E-04 0.3917E-07
    6.1 0.1266E-04 0.3655E-07
    6.2 0.1226E-04 0.3417E-07
    6.3 0.1187E-04 0.3197E-07
    6.4 0.1150E-04 0.2994E-07
    6.5 0.1115E-04 0.2807E-07
    6.6 0.1081E-04 0.2634E-07
    6.7 0.1049E-04 0.2474E-07
    6.8 0.1018E-04 0.2326E-07
    6.9 0.9888E-05 0.2189E-07
    7.0 0.9607E-05 0.2061E-07
    7.1 0.9340E-05 0.1943E-07
    7.2 0.9080E-05 0.1833E-07
    7.3 0.8833E-05 0.1731E-07
    7.4 0.8593E-05 0.1636E-07
    7.5 0.8366E-05 0.1547E-07
    7.6 0.8144E-05 0.1463E-07
    7.7 0.7934E-05 0.1386E-07
    7.8 0.7730E-05 0.1314E-07
    7.9 0.7536E-05 0.1246E-07
    8.0 0.7347E-05 0.1182E-07
    8.1 0.7168E-05 0.1122E-07
    8.2 0.6994E-05 0.1066E-07
    8.3 0.6823E-05 0.1013E-07
    8.4 0.6663E-05 0.9630E-08
    8.5 0.6506E-05 0.9163E-08
    8.6 0.6357E-05 0.8722E-08
    8.7 0.6212E-05 0.8309E-08
    8.8 0.6071E-05 0.7921E-08
    8.9 0.5933E-05 0.7553E-08
    9.0 0.5802E-05 0.7207E-08
    9.1 0.5675E-05 0.6880E-08
    9.2 0.5555E-05 0.6570E-08
    9.3 0.5433E-05 0.6279E-08
    9.4 0.5318E-05 0.6004E-08
    9.5 0.5206E-05 0.5741E-08
    9.6 0.5100E-05 0.5495E-08
    9.7 0.4993E-05 0.5262E-08
    9.8 0.4892E-05 0.5040E-08
    9.9 0.4793E-05 0.4829E-08
   10.0 0.4700E-05 0.4629E-08
   10.1 0.4605E-05 0.4437E-08
   10.2 0.4516E-05 0.4256E-08
   10.3 0.4429E-05 0.4085E-08
   10.4 0.4344E-05 0.3919E-08
   10.5 0.4260E-05 0.3765E-08
   10.6 0.4181E-05 0.3616E-08
   10.7 0.4103E-05 0.3476E-08
   10.8 0.4027E-05 0.3340E-08
   10.9 0.3953E-05 0.3212E-08
   11.0 0.3882E-05 0.3091E-08
   11.1 0.3812E-05 0.2975E-08
   11.2 0.3744E-05 0.2863E-08
   11.3 0.3678E-05 0.2759E-08
   11.4 0.3614E-05 0.2656E-08
   11.5 0.3551E-05 0.2559E-08
   11.6 0.3490E-05 0.2468E-08
   11.7 0.3430E-05 0.2380E-08
   11.8 0.3373E-05 0.2296E-08
   11.9 0.3316E-05 0.2215E-08
   12.0 0.3261E-05 0.2137E-08
   12.1 0.3207E-05 0.2064E-08
   12.2 0.3155E-05 0.1992E-08
   12.3 0.3103E-05 0.1925E-08
   12.4 0.3054E-05 0.1859E-08
   12.5 0.3005E-05 0.1798E-08
   12.6 0.2957E-05 0.1738E-08
   12.7 0.2911E-05 0.1681E-08
   12.8 0.2866E-05 0.1626E-08
   12.9 0.2821E-05 0.1573E-08
   13.0 0.2778E-05 0.1523E-08
   13.1 0.2736E-05 0.1474E-08
   13.2 0.2694E-05 0.1427E-08
   13.3 0.2654E-05 0.1382E-08
   13.4 0.2614E-05 0.1339E-08
   13.5 0.2576E-05 0.1298E-08
   13.6 0.2538E-05 0.1257E-08
   13.7 0.2501E-05 0.1219E-08
   13.8 0.2465E-05 0.1182E-08
   13.9 0.2429E-05 0.1146E-08
   14.0 0.2395E-05 0.1112E-08
   14.1 0.2361E-05 0.1079E-08
   14.2 0.2328E-05 0.1047E-08
   14.3 0.2295E-05 0.1017E-08
   14.4 0.2263E-05 0.9870E-09
   14.5 0.2232E-05 0.9585E-09
   14.6 0.2202E-05 0.9310E-09
   14.7 0.2172E-05 0.9045E-09
   14.8 0.2143E-05 0.8788E-09
   14.9 0.2114E-05 0.8540E-09
   15.0 0.2086E-05 0.8302E-09
   15.1 0.2058E-05 0.8070E-09
   15.2 0.2031E-05 0.7845E-09
   15.3 0.2005E-05 0.7628E-09
   15.4 0.1979E-05 0.7419E-09
   15.5 0.1953E-05 0.7216E-09
   15.6 0.1928E-05 0.7021E-09
   15.7 0.1904E-05 0.6831E-09
   15.8 0.1880E-05 0.6648E-09
   15.9 0.1856E-05 0.6472E-09
   16.0 0.1833E-05 0.6300E-09
   16.1 0.1810E-05 0.6135E-09
   16.2 0.1788E-05 0.5975E-09
   16.3 0.1766E-05 0.5819E-09
   16.4 0.1745E-05 0.5669E-09
   16.5 0.1724E-05 0.5524E-09
   16.6 0.1703E-05 0.5382E-09
   16.7 0.1682E-05 0.5246E-09
   16.8 0.1662E-05 0.5114E-09
   16.9 0.1643E-05 0.4986E-09
   17.0 0.1623E-05 0.4862E-09
   17.1 0.1605E-05 0.4741E-09
   17.2 0.1586E-05 0.4625E-09
   17.3 0.1568E-05 0.4511E-09
   17.4 0.1550E-05 0.4402E-09
   17.5 0.1532E-05 0.4295E-09
   17.6 0.1515E-05 0.4192E-09
   17.7 0.1498E-05 0.4092E-09
   17.8 0.1481E-05 0.3995E-09
   17.9 0.1464E-05 0.3900E-09
   18.0 0.1448E-05 0.3808E-09
   18.1 0.1432E-05 0.3719E-09
   18.2 0.1416E-05 0.3632E-09
   18.3 0.1401E-05 0.3548E-09
   18.4 0.1386E-05 0.3467E-09
   18.5 0.1371E-05 0.3387E-09
   18.6 0.1356E-05 0.3310E-09
   18.7 0.1342E-05 0.3235E-09
   18.8 0.1327E-05 0.3162E-09
   18.9 0.1313E-05 0.3091E-09
   19.0 0.1300E-05 0.3022E-09
   19.1 0.1286E-05 0.2955E-09
   19.2 0.1273E-05 0.2889E-09
   19.3 0.1260E-05 0.2826E-09
   19.4 0.1246E-05 0.2764E-09
   19.5 0.1234E-05 0.2704E-09
   19.6 0.1221E-05 0.2646E-09
   19.7 0.1209E-05 0.2589E-09
   19.8 0.1197E-05 0.2534E-09
   19.9 0.1185E-05 0.2480E-09
   20.0 0.1173E-05 0.2427E-09
   20.1 0.1161E-05 0.2375E-09
   20.2 0.1150E-05 0.2326E-09
   20.3 0.1138E-05 0.2277E-09
   20.4 0.1127E-05 0.2229E-09
   20.5 0.1116E-05 0.2183E-09
   20.6 0.1105E-05 0.2138E-09
   20.7 0.1095E-05 0.2093E-09
   20.8 0.1084E-05 0.2051E-09
   20.9 0.1074E-05 0.2008E-09
   21.0 0.1064E-05 0.1967E-09
   21.1 0.1054E-05 0.1927E-09
   21.2 0.1044E-05 0.1889E-09
   21.3 0.1034E-05 0.1851E-09
   21.4 0.1024E-05 0.1814E-09
   21.5 0.1015E-05 0.1778E-09
   21.6 0.1005E-05 0.1742E-09
   21.7 0.9961E-06 0.1709E-09
   21.8 0.9870E-06 0.1675E-09
   21.9 0.9780E-06 0.1642E-09
   22.0 0.9691E-06 0.1610E-09
   22.1 0.9603E-06 0.1580E-09
   22.2 0.9517E-06 0.1549E-09
   22.3 0.9433E-06 0.1520E-09
   22.4 0.9347E-06 0.1490E-09
   22.5 0.9266E-06 0.1462E-09
   22.6 0.9183E-06 0.1435E-09
   22.7 0.9102E-06 0.1408E-09
   22.8 0.9023E-06 0.1381E-09
   22.9 0.8944E-06 0.1355E-09
   23.0 0.8867E-06 0.1330E-09