    1.0 0.1923E-02 0.6970E-03
    1.1 0.1612E-02 0.5081E-03
    1.2 0.1365E-02 0.3809E-03
    1.3 0.1166E-02 0.2921E-03
    1.4 0.1005E-02 0.2285E-03
    1.5 0.8730E-03 0.1818E-03
    1.6 0.7646E-03 0.1458E-03
    1.7 0.6744E-03 0.1185E-03
    1.8 0.5986E-03 0.9743E-04
    1.9 0.5340E-03 0.8093E-04
    2.0 0.4785E-03 0.6792E-04
    2.1 0.4305E-03 0.5727E-04
    2.2 0.3883E-03 0.4867E-04
    2.3 0.3507E-03 0.4167E-04
    2.4 0.3174E-03 0.3591E-04
    2.5 0.2866E-03 0.3114E-04
    2.6 0.2562E-03 0.2715E-04
    2.7 0.2279E-03 0.2379E-04
    2.8 0.1862E-03 0.2095E-04
    2.9 0.1802E-03 0.6494E-04
    3.0 0.1765E-03 0.7961E-04
    3.1 0.1851E-03 0.7094E-04
    3.2 0.1773E-03 0.6342E-04
    3.3 0.1751E-03 0.6520E-04
    3.4 0.1694E-03 0.5872E-04
    3.5 0.1633E-03 0.5307E-04
    3.6 0.1570E-03 0.4811E-04
    3.7 0.1505E-03 0.4370E-04
    3.8 0.1445E-03 0.3979E-04
    3.9 0.1386E-03 0.3633E-04
    4.0 0.1332E-03 0.3326E-04
    4.1 0.1279E-03 0.3045E-04
    4.2 0.1226E-03 0.2792E-04
    4.3 0.1177E-03 0.2567E-04
    4.4 0.1129E-03 0.2363E-04
    4.5 0.1084E-03 0.2181E-04
    4.6 0.1041E-03 0.2016E-04
    4.7 0.1000E-03 0.1866E-04
    4.8 0.9611E-04 0.1730E-04
    4.9 0.9245E-04 0.1607E-04
    5.0 0.8899E-04 0.1495E-04
    5.1 0.8567E-04 0.1392E-04
    5.2 0.8252E-04 0.1297E-04
    5.3 0.7958E-04 0.1210E-04
    5.4 0.7675E-04 0.1131E-04
    5.5 0.7407E-04 0.1058E-04
    5.6 0.7148E-04 0.9912E-05
    5.7 0.6911E-04 0.9295E-05
    5.8 0.6683E-04 0.8726E-05
    5.9 0.6466E-04 0.8202E-05
    6.0 0.6261E-04 0.7717E-05
    6.1 0.6062E-04 0.7263E-05
    6.2 0.5874E-04 0.6840E-05
    6.3 0.5691E-04 0.6449E-05
    6.4 0.5515E-04 0.6085E-05
    6.5 0.5351E-04 0.5749E-05
    6.6 0.5189E-04 0.5435E-05
    6.7 0.5035E-04 0.5142E-05
    6.8 0.4889E-04 0.4869E-05
    6.9 0.4747E-04 0.4615E-05
    7.0 0.4613E-04 0.4376E-05
    7.1 0.4483E-04 0.4153E-05
    7.2 0.4360E-04 0.3946E-05
    7.3 0.4240E-04 0.3750E-05
    7.4 0.4126E-04 0.3567E-05
    7.5 0.4016E-04 0.3394E-05
    7.6 0.3909E-04 0.3234E-05
    7.7 0.3807E-04 0.3081E-05
    7.8 0.3711E-04 0.2938E-05
    7.9 0.3618E-04 0.2804E-05
    8.0 0.3527E-04 0.2677E-05
    8.1 0.3438E-04 0.2557E-05
    8.2 0.3355E-04 0.2442E-05
    8.3 0.3273E-04 0.2335E-05
    8.4 0.3196E-04 0.2233E-05
    8.5 0.3121E-04 0.2136E-05
    8.6 0.3048E-04 0.2045E-05
    8.7 0.2977E-04 0.1960E-05
    8.8 0.2910E-04 0.1878E-05
    8.9 0.2844E-04 0.1800E-05
    9.0 0.2780E-04 0.1726E-05
    9.1 0.2720E-04 0.1658E-05
    9.2 0.2658E-04 0.1591E-05
    9.3 0.2602E-04 0.1529E-05
    9.4 0.2546E-04 0.1468E-05
    9.5 0.2492E-04 0.1412E-05
    9.6 0.2440E-04 0.1358E-05
    9.7 0.2389E-04 0.1306E-05
    9.8 0.2340E-04 0.1258E-05
    9.9 0.2292E-04 0.1211E-05
   10.0 0.2246E-04 0.1166E-05
   10.1 0.2201E-04 0.1123E-05
   10.2 0.2158E-04 0.1082E-05
   10.3 0.2115E-04 0.1043E-05
   10.4 0.2074E-04 0.1006E-05
   10.5 0.2034E-04 0.9704E-06
   10.6 0.1995E-04 0.9363E-06
   10.7 0.1958E-04 0.9038E-06
   10.8 0.1921E-04 0.8726E-06
   10.9 0.1885E-04 0.8428E-06
   11.0 0.1851E-04 0.8142E-06
   11.1 0.1817E-04 0.7869E-06
   11.2 0.1784E-04 0.7608E-06
   11.3 0.1752E-04 0.7357E-06
   11.4 0.1721E-04 0.7117E-06
   11.5 0.1691E-04 0.6886E-06
   11.6 0.1661E-04 0.6665E-06
   11.7 0.1632E-04 0.6453E-06
   11.8 0.1604E-04 0.6249E-06
   11.9 0.1577E-04 0.6053E-06
   12.0 0.1550E-04 0.5865E-06
   12.1 0.1524E-04 0.5685E-06
   12.2 0.1499E-04 0.5511E-06
   12.3 0.1474E-04 0.5344E-06
   12.4 0.1450E-04 0.5183E-06
   12.5 0.1427E-04 0.5028E-06
   12.6 0.1404E-04 0.4880E-06
   12.7 0.1381E-04 0.4737E-06
   12.8 0.1359E-04 0.4599E-06
   12.9 0.1338E-04 0.4465E-06
   13.0 0.1317E-04 0.4337E-06
   13.1 0.1297E-04 0.4214E-06
   13.2 0.1277E-04 0.4095E-06
   13.3 0.1257E-04 0.3980E-06
   13.4 0.1238E-04 0.3869E-06
   13.5 0.1220E-04 0.3762E-06
   13.6 0.1201E-04 0.3659E-06
   13.7 0.1183E-04 0.3559E-06
   13.8 0.1166E-04 0.3463E-06
   13.9 0.1149E-04 0.3370E-06
   14.0 0.1132E-04 0.3280E-06
   14.1 0.1116E-04 0.3193E-06
   14.2 0.1100E-04 0.3110E-06
   14.3 0.1084E-04 0.3028E-06
   14.4 0.1069E-04 0.2949E-06
   14.5 0.1054E-04 0.2873E-06
   14.6 0.1039E-04 0.2800E-06
   14.7 0.1025E-04 0.2729E-06
   14.8 0.1010E-04 0.2660E-06
   14.9 0.9967E-05 0.2593E-06
   15.0 0.9832E-05 0.2529E-06
   15.1 0.9699E-05 0.2466E-06
   15.2 0.9569E-05 0.2404E-06
   15.3 0.9441E-05 0.2345E-06
   15.4 0.9316E-05 0.2287E-06
   15.5 0.9193E-05 0.2231E-06
   15.6 0.9072E-05 0.2178E-06
   15.7 0.8953E-05 0.2125E-06
   15.8 0.8838E-05 0.2075E-06
   15.9 0.8724E-05 0.2026E-06
   16.0 0.8612E-05 0.1978E-06
   16.1 0.8502E-05 0.1931E-06
   16.2 0.8395E-05 0.1886E-06
   16.3 0.8290E-05 0.1843E-06
   16.4 0.8186E-05 0.1800E-06
   16.5 0.8084E-05 0.1759E-06
   16.6 0.7983E-05 0.1719E-06
   16.7 0.7885E-05 0.1680E-06
   16.8 0.7787E-05 0.1642E-06
   16.9 0.7694E-05 0.1605E-06
   17.0 0.7600E-05 0.1570E-06
   17.1 0.7508E-05 0.1535E-06
   17.2 0.7418E-05 0.1501E-06
   17.3 0.7330E-05 0.1469E-06
   17.4 0.7243E-05 0.1436E-06
   17.5 0.7158E-05 0.1406E-06
   17.6 0.7074E-05 0.1376E-06
   17.7 0.6990E-05 0.1346E-06
   17.8 0.6908E-05 0.1318E-06
   17.9 0.6828E-05 0.1290E-06
   18.0 0.6749E-05 0.1262E-06
   18.1 0.6671E-05 0.1236E-06
   18.2 0.6594E-05 0.1210E-06
   18.3 0.6520E-05 0.1186E-06
   18.4 0.6446E-05 0.1161E-06
   18.5 0.6374E-05 0.1137E-06
   18.6 0.6302E-05 0.1114E-06
   18.7 0.6231E-05 0.1092E-06
   18.8 0.6162E-05 0.1070E-06
   18.9 0.6093E-05 0.1049E-06
   19.0 0.6025E-05 0.1028E-06
   19.1 0.5956E-05 0.1007E-06
   19.2 0.5891E-05 0.9871E-07
   19.3 0.5825E-05 0.9681E-07
   19.4 0.5761E-05 0.9493E-07
   19.5 0.5698E-05 0.9307E-07
   19.6 0.5636E-05 0.9128E-07
   19.7 0.5574E-05 0.8952E-07
   19.8 0.5514E-05 0.8783E-07
   19.9 0.5456E-05 0.8617E-07
   20.0 0.5397E-05 0.8451E-07
   20.1 0.5340E-05 0.8294E-07
   20.2 0.5278E-05 0.8138E-07
   20.3 0.5217E-05 0.7984E-07
   20.4 0.5157E-05 0.7837E-07
   20.5 0.5097E-05 0.7692E-07
   20.6 0.5039E-05 0.7548E-07
   20.7 0.4982E-05 0.7411E-07
   20.8 0.4925E-05 0.7276E-07
   20.9 0.4870E-05 0.7142E-07
   21.0 0.4815E-05 0.7015E-07
   21.1 0.4761E-05 0.6889E-07
   21.2 0.4709E-05 0.6764E-07
   21.3 0.4657E-05 0.6641E-07
   21.4 0.4606E-05 0.6524E-07
   21.5 0.4555E-05 0.6409E-07
   21.6 0.4494E-05 0.6294E-07
   21.7 0.4428E-05 0.6186E-07
   21.8 0.4344E-05 0.6080E-07
   21.9 0.4263E-05 0.5974E-07
   22.0 0.4184E-05 0.5869E-07
   22.1 0.3987E-05 0.5771E-07
   22.2 0.4075E-05 0.3690E-06
   22.3 0.4105E-05 0.3631E-06
   22.4 0.4112E-05 0.3572E-06
   22.5 0.4119E-05 0.3516E-06
   22.6 0.4116E-05 0.3460E-06
   22.7 0.4096E-05 0.3405E-06
   22.8 0.4077E-05 0.3352E-06
   22.9 0.4058E-05 0.3300E-06
   23.0 0.4037E-05 0.3248E-06