    1.0 0.1102E-02 0.3913E-03
    1.1 0.9277E-03 0.2798E-03
    1.2 0.7871E-03 0.2060E-03
    1.3 0.6740E-03 0.1554E-03
    1.4 0.5824E-03 0.1198E-03
    1.5 0.5076E-03 0.9396E-04
    1.6 0.4459E-03 0.7441E-04
    1.7 0.3946E-03 0.5978E-04
    1.8 0.3515E-03 0.4863E-04
    1.9 0.3150E-03 0.4001E-04
    2.0 0.2838E-03 0.3325E-04
    2.1 0.2570E-03 0.2778E-04
    2.2 0.2337E-03 0.2340E-04
    2.3 0.2134E-03 0.1987E-04
    2.4 0.1956E-03 0.1699E-04
    2.5 0.1799E-03 0.1461E-04
    2.6 0.1660E-03 0.1265E-04
    2.7 0.1537E-03 0.1101E-04
    2.8 0.1426E-03 0.9628E-05
    2.9 0.1327E-03 0.8460E-05
    3.0 0.1238E-03 0.7467E-05
    3.1 0.1157E-03 0.6606E-05
    3.2 0.1084E-03 0.5866E-05
    3.3 0.1017E-03 0.5228E-05
    3.4 0.9556E-04 0.4675E-05
    3.5 0.8997E-04 0.4194E-05
    3.6 0.8483E-04 0.3774E-05
    3.7 0.8009E-04 0.3407E-05
    3.8 0.7576E-04 0.3084E-05
    3.9 0.7172E-04 0.2798E-05
    4.0 0.6800E-04 0.2545E-05
    4.1 0.6452E-04 0.2319E-05
    4.2 0.6129E-04 0.2117E-05
    4.3 0.5826E-04 0.1937E-05
    4.4 0.5543E-04 0.1777E-05
    4.5 0.5278E-04 0.1632E-05
    4.6 0.5030E-04 0.1502E-05
    4.7 0.4789E-04 0.1385E-05
    4.8 0.4561E-04 0.1278E-05
    4.9 0.4350E-04 0.1183E-05
    5.0 0.4133E-04 0.1096E-05
    5.1 0.3912E-04 0.1017E-05
    5.2 0.3707E-04 0.9448E-06
    5.3 0.3512E-04 0.8789E-06
    5.4 0.3175E-04 0.8187E-06
    5.5 0.2981E-04 0.6316E-05
    5.6 0.3148E-04 0.5939E-05
    5.7 0.3135E-04 0.5591E-05
    5.8 0.3076E-04 0.5268E-05
    5.9 0.3020E-04 0.4970E-05
    6.0 0.2968E-04 0.4693E-05
    6.1 0.2903E-04 0.4421E-05
    6.2 0.2829E-04 0.4169E-05
    6.3 0.2760E-04 0.3935E-05
    6.4 0.2690E-04 0.3718E-05
    6.5 0.2623E-04 0.3515E-05
    6.6 0.2554E-04 0.3326E-05
    6.7 0.2489E-04 0.3151E-05
    6.8 0.2424E-04 0.2987E-05
    6.9 0.2364E-04 0.2833E-05
    7.0 0.2303E-04 0.2689E-05
    7.1 0.2243E-04 0.2556E-05
    7.2 0.2187E-04 0.2430E-05
    7.3 0.2132E-04 0.2311E-05
    7.4 0.2081E-04 0.2201E-05
    7.5 0.2029E-04 0.2096E-05
    7.6 0.1978E-04 0.1999E-05
    7.7 0.1931E-04 0.1906E-05
    7.8 0.1884E-04 0.1820E-05
    7.9 0.1839E-04 0.1738E-05
    8.0 0.1796E-04 0.1661E-05
    8.1 0.1753E-04 0.1586E-05
    8.2 0.1713E-04 0.1516E-05
    8.3 0.1673E-04 0.1450E-05
    8.4 0.1636E-04 0.1386E-05
    8.5 0.1599E-04 0.1327E-05
    8.6 0.1563E-04 0.1271E-05
    8.7 0.1529E-04 0.1218E-05
    8.8 0.1495E-04 0.1167E-05
    8.9 0.1462E-04 0.1120E-05
    9.0 0.1431E-04 0.1074E-05
    9.1 0.1400E-04 0.1031E-05
    9.2 0.1371E-04 0.9907E-06
    9.3 0.1342E-04 0.9515E-06
    9.4 0.1315E-04 0.9145E-06
    9.5 0.1287E-04 0.8795E-06
    9.6 0.1261E-04 0.8465E-06
    9.7 0.1236E-04 0.8141E-06
    9.8 0.1211E-04 0.7843E-06
    9.9 0.1187E-04 0.7550E-06
   10.0 0.1163E-04 0.7276E-06
   10.1 0.1141E-04 0.7007E-06
   10.2 0.1119E-04 0.6749E-06
   10.3 0.1097E-04 0.6508E-06
   10.4 0.1077E-04 0.6272E-06
   10.5 0.1057E-04 0.6051E-06
   10.6 0.1038E-04 0.5840E-06
   10.7 0.1019E-04 0.5634E-06
   10.8 0.1000E-04 0.5440E-06
   10.9 0.9823E-05 0.5253E-06
   11.0 0.9649E-05 0.5075E-06
   11.1 0.9478E-05 0.4905E-06
   11.2 0.9309E-05 0.4741E-06
   11.3 0.9146E-05 0.4585E-06
   11.4 0.8987E-05 0.4434E-06
   11.5 0.8831E-05 0.4290E-06
   11.6 0.8681E-05 0.4152E-06
   11.7 0.8533E-05 0.4020E-06
   11.8 0.8390E-05 0.3892E-06
   11.9 0.8250E-05 0.3770E-06
   12.0 0.8113E-05 0.3653E-06
   12.1 0.7979E-05 0.3540E-06
   12.2 0.7848E-05 0.3432E-06
   12.3 0.7721E-05 0.3327E-06
   12.4 0.7597E-05 0.3227E-06
   12.5 0.7476E-05 0.3131E-06
   12.6 0.7358E-05 0.3038E-06
   12.7 0.7242E-05 0.2949E-06
   12.8 0.7129E-05 0.2862E-06
   12.9 0.7019E-05 0.2779E-06
   13.0 0.6911E-05 0.2699E-06
   13.1 0.6806E-05 0.2622E-06
   13.2 0.6702E-05 0.2548E-06
   13.3 0.6602E-05 0.2477E-06
   13.4 0.6503E-05 0.2407E-06
   13.5 0.6407E-05 0.2341E-06
   13.6 0.6313E-05 0.2276E-06
   13.7 0.6221E-05 0.2214E-06
   13.8 0.6130E-05 0.2154E-06
   13.9 0.6042E-05 0.2096E-06
   14.0 0.5956E-05 0.2040E-06
   14.1 0.5871E-05 0.1986E-06
   14.2 0.5788E-05 0.1934E-06
   14.3 0.5707E-05 0.1883E-06
   14.4 0.5628E-05 0.1834E-06
   14.5 0.5550E-05 0.1786E-06
   14.6 0.5474E-05 0.1741E-06
   14.7 0.5399E-05 0.1696E-06
   14.8 0.5326E-05 0.1654E-06
   14.9 0.5255E-05 0.1612E-06
   15.0 0.5184E-05 0.1572E-06
   15.1 0.5116E-05 0.1532E-06
   15.2 0.5048E-05 0.1493E-06
   15.3 0.4982E-05 0.1456E-06
   15.4 0.4917E-05 0.1420E-06
   15.5 0.4854E-05 0.1385E-06
   15.6 0.4791E-05 0.1351E-06
   15.7 0.4730E-05 0.1318E-06
   15.8 0.4670E-05 0.1286E-06
   15.9 0.4611E-05 0.1255E-06
   16.0 0.4553E-05 0.1224E-06
   16.1 0.4496E-05 0.1196E-06
   16.2 0.4441E-05 0.1167E-06
   16.3 0.4386E-05 0.1140E-06
   16.4 0.4332E-05 0.1113E-06
   16.5 0.4280E-05 0.1087E-06
   16.6 0.4228E-05 0.1062E-06
   16.7 0.4177E-05 0.1038E-06
   16.8 0.4127E-05 0.1014E-06
   16.9 0.4078E-05 0.9909E-07
   17.0 0.4030E-05 0.9688E-07
   17.1 0.3983E-05 0.9469E-07
   17.2 0.3937E-05 0.9256E-07
   17.3 0.3891E-05 0.9053E-07
   17.4 0.3846E-05 0.8852E-07
   17.5 0.3802E-05 0.8660E-07
   17.6 0.3758E-05 0.8470E-07
   17.7 0.3716E-05 0.8286E-07
   17.8 0.3674E-05 0.8108E-07
   17.9 0.3632E-05 0.7934E-07
   18.0 0.3592E-05 0.7766E-07
   18.1 0.3552E-05 0.7600E-07
   18.2 0.3513E-05 0.7439E-07
   18.3 0.3475E-05 0.7283E-07
   18.4 0.3437E-05 0.7132E-07
   18.5 0.3399E-05 0.6983E-07
   18.6 0.3362E-05 0.6842E-07
   18.7 0.3326E-05 0.6699E-07
   18.8 0.3291E-05 0.6564E-07
   18.9 0.3256E-05 0.6430E-07
   19.0 0.3222E-05 0.6301E-07
   19.1 0.3188E-05 0.6173E-07
   19.2 0.3154E-05 0.6050E-07
   19.3 0.3122E-05 0.5928E-07
   19.4 0.3089E-05 0.5811E-07
   19.5 0.3057E-05 0.5697E-07
   19.6 0.3026E-05 0.5585E-07
   19.7 0.2995E-05 0.5477E-07
   19.8 0.2965E-05 0.5371E-07
   19.9 0.2935E-05 0.5268E-07
   20.0 0.2906E-05 0.5166E-07
   20.1 0.2876E-05 0.5065E-07
   20.2 0.2848E-05 0.4969E-07
   20.3 0.2820E-05 0.4873E-07
   20.4 0.2792E-05 0.4778E-07
   20.5 0.2765E-05 0.4687E-07
   20.6 0.2737E-05 0.4597E-07
   20.7 0.2711E-05 0.4511E-07
   20.8 0.2685E-05 0.4425E-07
   20.9 0.2659E-05 0.4344E-07
   21.0 0.2633E-05 0.4263E-07
   21.1 0.2608E-05 0.4185E-07
   21.2 0.2584E-05 0.4106E-07
   21.3 0.2560E-05 0.4033E-07
   21.4 0.2535E-05 0.3958E-07
   21.5 0.2512E-05 0.3886E-07
   21.6 0.2488E-05 0.3815E-07
   21.7 0.2465E-05 0.3747E-07
   21.8 0.2443E-05 0.3680E-07
   21.9 0.2420E-05 0.3614E-07
   22.0 0.2398E-05 0.3548E-07
   22.1 0.2376E-05 0.3486E-07
   22.2 0.2355E-05 0.3424E-07
   22.3 0.2334E-05 0.3365E-07
   22.4 0.2313E-05 0.3307E-07
   22.5 0.2292E-05 0.3250E-07
   22.6 0.2272E-05 0.3193E-07
   22.7 0.2252E-05 0.3139E-07
   22.8 0.2232E-05 0.3083E-07
   22.9 0.2212E-05 0.3032E-07
   23.0 0.2193E-05 0.2980E-07
   23.1 0.2174E-05 0.2928E-07
   23.2 0.2155E-05 0.2879E-07
   23.3 0.2136E-05 0.2830E-07
   23.4 0.2118E-05 0.2785E-07
   23.5 0.2100E-05 0.2737E-07
   23.6 0.2082E-05 0.2692E-07
   23.7 0.2065E-05 0.2648E-07
   23.8 0.2047E-05 0.2604E-07
   23.9 0.2030E-05 0.2563E-07
   24.0 0.2013E-05 0.2519E-07
   24.1 0.1996E-05 0.2479E-07
   24.2 0.1980E-05 0.2439E-07
   24.3 0.1963E-05 0.2400E-07
   24.4 0.1947E-05 0.2361E-07
   24.5 0.1931E-05 0.2323E-07
   24.6 0.1915E-05 0.2287E-07
   24.7 0.1900E-05 0.2250E-07
   24.8 0.1885E-05 0.2215E-07
   24.9 0.1869E-05 0.2180E-07
   25.0 0.1854E-05 0.2146E-07
   25.1 0.1840E-05 0.2112E-07
   25.2 0.1825E-05 0.2079E-07
   25.3 0.1810E-05 0.2047E-07
   25.4 0.1796E-05 0.2016E-07
   25.5 0.1782E-05 0.1985E-07
   25.6 0.1768E-05 0.1954E-07
   25.7 0.1754E-05 0.1925E-07
   25.8 0.1741E-05 0.1896E-07
   25.9 0.1727E-05 0.1867E-07
   26.0 0.1714E-05 0.1839E-07
   26.1 0.1700E-05 0.1811E-07
   26.2 0.1687E-05 0.1784E-07
   26.3 0.1675E-05 0.1758E-07
   26.4 0.1662E-05 0.1731E-07
   26.5 0.1649E-05 0.1706E-07
   26.6 0.1637E-05 0.1681E-07
   26.7 0.1625E-05 0.1656E-07
   26.8 0.1612E-05 0.1632E-07
   26.9 0.1600E-05 0.1608E-07
   27.0 0.1588E-05 0.1585E-07
   27.1 0.1577E-05 0.1562E-07
   27.2 0.1565E-05 0.1539E-07
   27.3 0.1554E-05 0.1517E-07
   27.4 0.1542E-05 0.1496E-07
   27.5 0.1531E-05 0.1474E-07
   27.6 0.1520E-05 0.1454E-07
   27.7 0.1509E-05 0.1433E-07
   27.8 0.1498E-05 0.1413E-07
   27.9 0.1487E-05 0.1393E-07
   28.0 0.1476E-05 0.1373E-07
   28.1 0.1466E-05 0.1354E-07
   28.2 0.1455E-05 0.1335E-07
   28.3 0.1445E-05 0.1317E-07
   28.4 0.1435E-05 0.1299E-07
   28.5 0.1425E-05 0.1281E-07
   28.6 0.1415E-05 0.1263E-07
   28.7 0.1405E-05 0.1246E-07
   28.8 0.1395E-05 0.1229E-07
   28.9 0.1385E-05 0.1213E-07
   29.0 0.1376E-05 0.1196E-07
   29.1 0.1366E-05 0.1180E-07
   29.2 0.1357E-05 0.1164E-07
   29.3 0.1348E-05 0.1149E-07
   29.4 0.1338E-05 0.1133E-07
   29.5 0.1329E-05 0.1118E-07
   29.6 0.1320E-05 0.1103E-07
   29.7 0.1312E-05 0.1089E-07
   29.8 0.1303E-05 0.1075E-07
   29.9 0.1294E-05 0.1060E-07
   30.0 0.1285E-05 0.1047E-07
   30.1 0.1277E-05 0.1033E-07
   30.2 0.1268E-05 0.1019E-07
   30.3 0.1260E-05 0.1006E-07
   30.4 0.1251E-05 0.9927E-08
   30.5 0.1243E-05 0.9797E-08
   30.6 0.1235E-05 0.9669E-08
   30.7 0.1227E-05 0.9543E-08
   30.8 0.1219E-05 0.9420E-08
   30.9 0.1211E-05 0.9300E-08
   31.0 0.1203E-05 0.9180E-08
   31.1 0.1196E-05 0.9062E-08
   31.2 0.1188E-05 0.8946E-08
   31.3 0.1180E-05 0.8832E-08
   31.4 0.1173E-05 0.8720E-08
   31.5 0.1165E-05 0.8610E-08
   31.6 0.1158E-05 0.8502E-08
   31.7 0.1150E-05 0.8396E-08
   31.8 0.1143E-05 0.8290E-08
   31.9 0.1136E-05 0.8186E-08
   32.0 0.1129E-05 0.8083E-08
   32.1 0.1122E-05 0.7983E-08
   32.2 0.1115E-05 0.7885E-08
   32.3 0.1108E-05 0.7788E-08
   32.4 0.1101E-05 0.7691E-08
   32.5 0.1094E-05 0.7597E-08
   32.6 0.1087E-05 0.7506E-08
   32.7 0.1081E-05 0.7413E-08
   32.8 0.1074E-05 0.7324E-08
   32.9 0.1067E-05 0.7236E-08
   33.0 0.1061E-05 0.7148E-08
   33.1 0.1054E-05 0.7061E-08
   33.2 0.1048E-05 0.6976E-08
   33.3 0.1042E-05 0.6893E-08
   33.4 0.1036E-05 0.6811E-08
   33.5 0.1030E-05 0.6730E-08
   33.6 0.1023E-05 0.6651E-08
   33.7 0.1017E-05 0.6572E-08
   33.8 0.1011E-05 0.6494E-08
   33.9 0.1005E-05 0.6418E-08
   34.0 0.9993E-06 0.6342E-08
   34.1 0.9935E-06 0.6269E-08
   34.2 0.9874E-06 0.6196E-08
   34.3 0.9817E-06 0.6123E-08
   34.4 0.9761E-06 0.6053E-08
   34.5 0.9704E-06 0.5983E-08
   34.6 0.9649E-06 0.5913E-08
   34.7 0.9593E-06 0.5846E-08
   34.8 0.9538E-06 0.5779E-08
   34.9 0.9483E-06 0.5712E-08
   35.0 0.9428E-06 0.5648E-08
   35.1 0.9374E-06 0.5583E-08
   35.2 0.9320E-06 0.5520E-08
   35.3 0.9266E-06 0.5458E-08
   35.4 0.9216E-06 0.5396E-08
   35.5 0.9163E-06 0.5335E-08
   35.6 0.9110E-06 0.5276E-08
   35.7 0.9061E-06 0.5218E-08
   35.8 0.9009E-06 0.5159E-08
   35.9 0.8960E-06 0.5101E-08
   36.0 0.8908E-06 0.5045E-08
   36.1 0.8860E-06 0.4989E-08
   36.2 0.8809E-06 0.4934E-08
   36.3 0.8762E-06 0.4881E-08
   36.4 0.8714E-06 0.4827E-08
   36.5 0.8664E-06 0.4775E-08
   36.6 0.8617E-06 0.4722E-08
   36.7 0.8571E-06 0.4671E-08
   36.8 0.8525E-06 0.4621E-08
   36.9 0.8479E-06 0.4571E-08
   37.0 0.8433E-06 0.4521E-08
   37.1 0.8384E-06 0.4473E-08
   37.2 0.8339E-06 0.4425E-08
   37.3 0.8297E-06 0.4378E-08
   37.4 0.8252E-06 0.4331E-08
   37.5 0.8208E-06 0.4286E-08
   37.6 0.8164E-06 0.4239E-08
   37.7 0.8120E-06 0.4194E-08
   37.8 0.8076E-06 0.4151E-08
   37.9 0.8035E-06 0.4107E-08
   38.0 0.7992E-06 0.4064E-08
   38.1 0.7949E-06 0.4020E-08
   38.2 0.7909E-06 0.3980E-08
   38.3 0.7866E-06 0.3938E-08
   38.4 0.7824E-06 0.3896E-08
   38.5 0.7785E-06 0.3856E-08
   38.6 0.7743E-06 0.3817E-08
   38.7 0.7704E-06 0.3777E-08
   38.8 0.7663E-06 0.3738E-08
   38.9 0.7624E-06 0.3701E-08
   39.0 0.7586E-06 0.3662E-08
   39.1 0.7545E-06 0.3625E-08
   39.2 0.7507E-06 0.3588E-08
   39.3 0.7470E-06 0.3552E-08
   39.4 0.7433E-06 0.3516E-08
   39.5 0.7392E-06 0.3481E-08
   39.6 0.7356E-06 0.3445E-08
   39.7 0.7319E-06 0.3410E-08
   39.8 0.7282E-06 0.3376E-08
   39.9 0.7246E-06 0.3343E-08
   40.0 0.7210E-06 0.3309E-08